# M=28, N=14, max=1, PBC
# U/t                  E0/t                S1(l=14)             S1_OP(l=14)          S4.0(l=14)           S4.0_OP(l=14)        Sigma2_n(l=14)       H(4.0)              S(4.0)_OP(5) 
  -0.030000000019365026 -17.98765950789726  1.4557208708205092  0.43125789492792055 0.8927912769240743  0.16570595798642318 0.4543392747247097  0.7073009895630904  0.1654446696615971  
  -0.0332441058799503  -18.00119878186179  1.4557221477812554  0.43092330338988294 0.8929862767952904  0.16553687208553042 0.45464541145155124 0.7077073933427048  0.16527670724887028 
  -0.03683901916813193 -18.01621089782742  1.4557237190269787  0.43055225298215954 0.8932028582852612  0.16534945374133145 0.4549852816158406  0.7081582367033256  0.16509052900652407 
  -0.04082267509827882 -18.03285712584293  1.4557256528083764  0.43014073620692167 0.8934434697484965  0.16514170866146186 0.45536268005050573 0.7086584401928735  0.16488415216385555 
  -0.045237111079799136 -18.051316634197374 1.455728033363173   0.4296842967570125  0.8937108510669081  0.16491142385108037 0.45578184683571976 0.7092134836772894  0.16465537625439125 
  -0.05012891031563893 -18.071788530520454 1.4557309647194656  0.42917797722442    0.8940080715193073  0.16465614314788332 0.4562475238571082  0.7098294733996192  0.16440175870675205 
  -0.05554969337013041 -18.094494148057418 1.4557345754256885  0.42861626020642346 0.8943385732836006  0.16437313987721625 0.45676501971552597 0.7105132179339173  0.16412058755457687 
  -0.06155666289344478 -18.119679609346086 1.4557390244411945  0.42799300185338096 0.8947062215665934  0.1640593862568983  0.4573402841284562  0.7112723144168488  0.16380885088314484 
  -0.06821320725083786 -18.14761870436701  1.4557445084835763  0.4273013567133445  0.8951153625656786  0.1637115190960145  0.45797999400846834 0.7121152467082597  0.16346320256678704 
  -0.07558956942646847 -18.178616125932997 1.4557512712087917  0.42653369253411305 0.895570890727245   0.16332580128204535 0.4586916529157321  0.7130514974793718  0.1630799237737775  
  -0.08376358826037628 -18.213011111810413 1.4557596147033327  0.4256814934019385  0.8960783270937656  0.16289807843057877 0.4594837069169202  0.7140916766136629  0.1626548796197823  
  -0.09282151984050067 -18.25118155104039  1.4557699139015623  0.4247352492797879  0.8966439109434012  0.1624237299718909  0.460365679914581   0.7152476688513596  0.16218347023187973 
  -0.10285894771745487 -18.293548621419585 1.455782634715834   0.42368432959113256 0.8972747074487423  0.16189761379630185 0.4613483324618315  0.7165328042418386  0.16166057533551167 
  -0.1139817915470694  -18.340582036454453 1.455798356896318   0.42251683796332656 0.8979787347490236  0.1613140033813845  0.4624438494468279  0.71796205582464    0.1610804912864488  
  -0.12630742480437512 -18.392805993734164 1.45581780294013    0.42121944457391736 0.8987651146911131  0.16066651608435978 0.46366606332613713 0.7195522700504071  0.1604368592260987  
  -0.13996591336366881 -18.450805933127192 1.4558418747719744  0.4197771916914566  0.8996442526065046  0.15994803099697005 0.46503072050087013 0.7213224367977016  0.1597225827228638  
  -0.15510138801474055 -18.515236233168316 1.4558717004589228  0.4181732668300848  0.9006280529584076  0.1591505942905725  0.46655580271655595 0.7232940077761502  0.15892973284884665 
  -0.17187356539869844 -18.586828998361387 1.4559086939522867  0.4163887364778853  0.9017301796124393  0.15826530949457018 0.46826191673336837 0.7254912744388912  0.15804943809644995 
  -0.19045943341302143 -18.66640412000868  1.4559546318473344  0.4144022313436243  0.9029663720669492  0.1572822093908368  0.4701727710320256  0.7279418198577838  0.15707175581133387 
  -0.2110551188710247  -18.754880830098365 1.4560117525280625  0.4121895713749096  0.904354832445931   0.15619010522430193 0.4723157645276004  0.7306770633784622  0.15598552083783246 
  -0.23387795712415962 -18.85329101370641  1.4560828849851044  0.40972331515049387 0.9059167028020708  0.15497640761681689 0.4747227200068167  0.7337329228953161  0.15477816573641293 
  -0.25916878548677436 -18.962794602962717 1.4561716173096297  0.40697221317057236 0.9076766588392515  0.15362691170962472 0.4774308076450211  0.7371506279270803  0.15343550509114715 
  -0.2871944846646309  -19.08469744848552  1.456282518755465   0.4039005374679882  0.909663655365194   0.1521255364748068  0.4804837214772064  0.7409777284037737  0.1519414738517892  
  -0.3182507950055273  -19.220472157288313 1.4564214349205766  0.4004672498922666  0.9119118719224442  0.1504540045248955  0.4839331958743074  0.7452693607489952  0.15027780602048246 
  -0.3526654372904245  -19.371782506483083 1.4565958839710638  0.39662495682070403 0.9144619260640694  0.1485914434853248  0.4878409870342537  0.750089857082171   0.1484236347595954  
  -0.39080157099713214 -19.540512199639252 1.4568155944530607  0.39231857657600633 0.9173624498836005  0.14651388233312632 0.4922815012004307  0.7555148191312995  0.14635498736130487 
  -0.43306162652977764 -19.72879894201399  1.4570932446672487  0.38748361363301564 0.9206721678573506  0.14419360476187343 0.4973453363702802  0.7616338322664881  0.14404413713643938 
  -0.4798915518535437  -19.93907509393794  1.4574454941968256  0.38204388414197027 0.9244626796483374  0.1415983042217018  0.5031441439296884  0.7685540781707818  0.14145875695819085 
  -0.531785518347161   -20.17411655207865  1.4578944477081592  0.3759084593523134  0.9288222555401631  0.1386899583017596  0.509817437966241   0.7764052359232895  0.1385607921776701  
  -0.5892911355315213  -20.43710205949529  1.4584697736896837  0.3689674671018706  0.9338611220946917  0.13542329674628875 0.5175423548918445  0.7853462750498258  0.13530492729968255 
  -0.6530152297026794  -20.73168594489444  1.4592118431286527  0.36108617987539304 0.939719002755442   0.13174366568828136 0.5265480139577647  0.7955751038307188  0.13163644908711408 
  -0.7236302474480942  -21.062088488539725 1.460176508359484   0.3520964498698129  0.9465761825431969  0.12758396757075913 0.5371373011606266  0.8073426652632352  0.12748818565122064 
  -0.8018813516190211  -21.43320997274072  1.461442621385971   0.3417838829786709  0.9546702933123821  0.12286013591004748 0.549721114556526   0.8209742234931349  0.1227759806798858  
  -0.8885942846390915  -21.850777497394635 1.4631243400076335  0.3298678651094082  0.9643228147525462  0.11746418966439341 0.5648745411093756  0.8369028017296885  0.11739174742570871 
  -0.9846840821264076  -22.321538819156544 1.4653922759046487  0.3159689540638817  0.9759830077325509  0.11125308559119591 0.5834339021418273  0.855724290304394   0.11119232037269877 
  -1.0911647287793849  -22.853526935502575 1.4685121288726106  0.2995524493341227  0.9903053298965779  0.10402981739402103 0.6066755373369617  0.878293867165457   0.10398055233325215 
  -1.2091598584197905  -23.456437874122408 1.4729210618563204  0.2798232210733713  1.0082970012101586  0.0955090717148751  0.636673466814301   0.905908178643231   0.09547096490736307 
  -1.3399146111048585  -24.14220529251458  1.4793955546684698  0.255509530292875   1.0316304970154062  0.08524891762993314 0.6770980037001095  0.9406868058576525  0.08522142480100808 
  -1.4848087724302999  -24.925959310489763 1.4894802217830518  0.2243538022370121  1.063411678038966   0.07249710509783922 0.7352981322874115  0.9864958195287219  0.07247941288766738 
  -1.6453713336763092  -25.827877670098534 1.5068732386384693  0.18164124090263536 1.1105577897885361  0.055778268606085334 0.8292015878941896  1.0517439007096805  0.0557691596942522  
  -1.8232966264420694  -26.877828432579754 1.5443905006387018  0.11422488504235005 1.1950260874035912  0.031469841898176254 1.0228062822416248  1.1620572655166508  0.03146735241360573 
  -2.0204622020290017  -28.139756995742847 1.8340606282209775  0.02143412987229792 1.5587422197125211  0.004234126217189268 2.198790033207054   1.55421755868324    0.004234026915808052 
  -2.2389486442444126  -30.343542944973215 3.2225111595265727  0.6149817550491392  3.0361719592290926  0.5414836985782892  14.387910705432027  2.551155544747429   0.5201751570059259  
  -2.481061524699554   -33.26707225659567  3.2658896736571963  0.6193888156246041  3.1059831658330723  0.567813438555603   15.556191312564408  2.603076470563192   0.5478378727761891  
  -2.749355732284719   -36.60451886417879  3.2846884232081996  0.6230952929567403  3.1405126515518687  0.5807055339176053  15.937893133095606  2.6206997582510434  0.561541614592055   
  -3.0466624335574273  -40.354990491933975 3.2962866636461747  0.6264296088966397  3.17564020894827    0.5884123431940002  16.125965956550964  2.6310809539068076  0.5705350032315981  
  -3.376118948542384   -44.54570769759373  3.304329483966971   0.6293092364258395  3.2068766459654965  0.5945900399141746  16.23576311526857   2.6382878292600864  0.5779913063177583  
  -3.741201857206702   -49.2150877151795   3.3102342764695427  0.631752579949387   3.2326547879400716  0.6002463543423566  16.306197637306788  2.6435160135455016  0.5847019861962991  
  -4.145763685965449   -54.4092516747501   3.3147157774466343  0.6338066276227998  3.253263484785203   0.6055479865015224  16.35419316221317   2.6473837562734173  0.590804004316331   
  -4.594073561350804   -60.181148847933116 3.318189822686308   0.6355233604976992  3.2695330975646986  0.6104758816388973  16.388293386087874  2.650285788346148   0.5963070212433403  
  -5.090862259841395   -66.59052504407515  3.3209214760598695  0.6369522503001549  3.28233017821261    0.614991513537383   16.413265948930686  2.6524898589153945  0.6012143091360558  
  -5.641372129238837   -73.7042615167189   3.32309071787949    0.6381378053530976  3.2924021755609614  0.6190713613146934  16.431972607750566  2.654181923481404   0.605543306780554   
  -6.251412408385261   -81.59692329747031  3.324825471833577   0.6391189673484562  3.3003502609664626  0.6227102175417795  16.446229713717777  2.655493227083508   0.6093247778968476  
  -6.927420528981503   -90.35145533412945  3.326219793080522   0.6399292578977318  3.3066439733629274  0.6259180944423531  16.457242105323118  2.6565177794908124  0.612598670421492   
  -7.676530046391541   -100.06000286656545 3.3273446143265972  0.6405972292764861  3.311645820291798   0.6287163588080312  16.46583798592127   2.6573238944712614  0.6154103079918231  
  -8.50664591627096    -110.82484926784664 3.3282544659560194  0.6411470202079123  3.3156348952993686  0.6311342026495448  16.472603529040576  2.657961905510622   0.6178073806339003  
  -9.42652791137379    -122.75947301839899 3.3289918816820996  0.641598923780048   3.318826449583387   0.6332056086232456  16.47796374032849   2.6584693849974244  0.6198376444568776  
  -10.445883058791077  -135.98973033780908 3.3295904043353293  0.6419699244583823  3.321387172862746   0.6349668256663747  16.482233006844787  2.65887471875862    0.6215472119417267  
  -11.575468073062348  -150.65517323310686 3.3300767071230535  0.6422741857285967  3.323446811445729   0.6364543597173797  16.485647797858     2.659199586820818   0.6229793478290435  
  -12.827202866082331  -166.91051521346904 3.330472134033982   0.6425234823062781  3.3251069058723464  0.637703469762574   16.48838846088143   2.6594607088669253  0.6241737001511802  
  -14.214296331612761  -184.92725909554895 3.330793845485294   0.6427275771344425  3.3264473459094237  0.6387471324748822  16.49059413693187   2.6596710894684885  0.6251658948592227  
  -15.751385731736596  -204.89550340421647 3.331055687348217   0.6428945464882506  3.327531299256708   0.6396154128286768  16.492373208279474  2.659840918699107   0.6259874186093689  
  -17.45469115612598   -227.02594598729328 3.331268860813152   0.6430310579108893  3.3284089359245934  0.6403351624980325  16.49381077026341   2.6599782322085987  0.6266657148428455  
  -19.34218668405074   -251.55210568964515 3.331442445437083   0.643142606192427   3.329120260733703   0.6409299645216462  16.494974074173555  2.660089401160114   0.6272244247743871  
  -21.433790055309398  -278.73278532777096 3.331583811746635   0.6432337125909998  3.3296972828438403  0.6414202490744195  16.495916557296745  2.6601795002200808  0.6276837156554768  
  -23.7515728515794    -308.8548018151203  3.3316989493333224  0.6433080922180803  3.3301656895097445  0.641823517176057   16.496680869957522  2.6602525869919296  0.6280606512288949  
  -26.31999340611905   -342.23601214978714 3.331792729373084   0.6433687940988542  3.3305461463952377  0.6421546231303307  16.497301177840605  2.6603119163213957  0.6283695715589515  
  -29.16615489959374   -379.2286671272261  3.331869115679044   0.6434183179517416  3.330855314375024   0.6424260798960552  16.49780493224391   2.6603601061210296  0.6286224601170951  
  -32.320091365574875  -420.22312811897336 3.33193133499287    0.64345871125544    3.3311066493754433  0.6426483630785216  16.498214244010832  2.6603992666932537  0.6288292845725387  
  -35.81508462377596   -465.65198610358436 3.331982014762608   0.6434916497123444  3.331311034891799   0.642830198306643   16.49854695842967   2.6604311022812337  0.6289983041452822  
  -39.688015485454294  -515.9946263906146  3.3320232948419672  0.64351850379031    3.3314772845185083  0.6429788234875894  16.49881750191178   2.660456991285921   0.6291363408776308  
  -43.97975293706269   -571.7822871886573  3.3320569181836746  0.6435403936372162  3.331612542817953   0.6431002221361574  16.49903755273332   2.6604780499535967  0.6292490151381533  
  -48.73558540900005   -633.6036653847199  3.332084304558279   0.6435582343178384  3.3317226062002967  0.6431993270822702  16.499216574954865  2.6604951831583294  0.6293409474673479  
  -54.00569868041124   -702.1111286802458  3.332106610522925   0.6435727730193661  3.331812180529492   0.6432801957736406  16.499362245139793  2.6605091250419552  0.6294159298395254  
  -59.84570546311234   -778.0275996302577  3.3321247782322008  0.6435846196092251  3.3318850884441007  0.6433461594608638  16.499480794534662  2.6605204716365183  0.6294770698182137  
  -66.31723225305977   -862.1541842241944  3.3321395751825893  0.6435942717028458  3.3319444365543953  0.6433999490510641  16.49957728421615   2.6605297071174903  0.6295269111245655  
  -73.48856964209554   -955.3786255051286  3.332151626583022   0.643602135206182   3.3319927505138893  0.6434438005477038  16.499655826846187  2.660537224976116   0.6295675339646265  
  -81.43539295236425   -1058.684671431261  3.3321614417241294  0.6436085411347617  3.332032084294252   0.6434795429036058  16.499719765728898  2.660543345123945   0.6296006381716888  
  -90.2415607978742    -1173.1624558317842 3.3321694354608753  0.6436137593733321  3.332064108695133   0.6435086708994183  16.49977181961666   2.660548327731163   0.6296276118798332  
  -100.0               -1300.0200020004004 3.3321759457151368  0.6436180099250866  3.3320901831047984  0.6435324053871774  16.49981419996542   2.6605523844356402  0.6296495880951829  
